time_stamp	px_state	py_state	v_state	yaw_angle_state	yaw_rate_state	sensor_type	NIS	px_measured	py_measured	px_ground_truth	py_ground_truth	vx_ground_truth	vy_ground_truth
1477010443300000	0.0229	2.9357	0	0	0	lidar	0	0.0229	2.9357	-0.0118	2.9997	-0.0785	0.9969
1477010444100000	-0.0148092	3.70871	-0.0408437	2.77556e-17	0	lidar	1.03358	-0.015	3.7377	-0.1797	3.7797	-0.3239	0.9461
1477010444900000	-0.312188	4.05888	-0.365616	-0.0821524	-0.0666749	lidar	11.5566	-0.3217	4.4205	-0.5364	4.4935	-0.549	0.8358
1477010445700000	-1.17795	4.54498	-1.04603	-2.11256	-1.3276	lidar	12.9501	-1.2391	4.8626	-1.0593	5.0961	-0.7396	0.673
1477010446500000	-1.66259	5.28591	-1.10829	-0.26695	0.19731	lidar	5.05906	-1.7351	5.367	-1.7157	5.5498	-0.8838	0.4679
1477010447300000	-2.47693	5.78209	-1.55829	-0.396871	0.0569312	lidar	1.10556	-2.5294	5.7977	-2.4643	5.8259	-0.9724	0.2334
1477010448100000	-3.2415	5.82444	-1.50069	-0.0319671	0.240436	lidar	0.135612	-3.239	5.8136	-3.258	5.9073	-0.9999	-0.0157
1477010448900000	-4.13938	5.94726	-1.50937	-0.097049	0.0790291	lidar	0.0715836	-4.1407	5.9556	-4.0471	5.7886	-0.9646	-0.2639
1477010449700000	-4.61039	5.68798	-1.20946	0.346548	0.32517	lidar	0.727622	-4.5856	5.673	-4.7818	5.4775	-0.8686	-0.4955
1477010450500000	-5.46541	5.13106	-1.41902	0.782187	0.433232	lidar	0.269594	-5.4784	5.1165	-5.4161	4.9934	-0.7181	-0.6959
1477010451300000	-5.93091	4.37783	-1.44247	1.18951	0.470539	lidar	0.00789764	-5.9306	4.3749	-5.9101	4.3668	-0.5225	-0.8526
1477010452100000	-6.02765	3.47035	-1.4663	1.65382	0.525518	lidar	0.0126366	-6.0251	3.4678	-6.2327	3.6371	-0.2941	-0.9558
1477010452900000	-6.42799	2.7796	-1.25815	1.268	0.020743	lidar	1.02696	-6.459	2.788	-6.3637	2.85	-0.0471	-0.9989
1477010453700000	-6.29466	2.31055	-0.997813	1.67102	0.270578	lidar	0.624308	-6.2717	2.3304	-6.2949	2.055	0.2028	-0.9792
1477010454500000	-6.08376	1.68444	-1.03662	2.05201	0.372337	lidar	0.0454579	-6.0751	1.6818	-6.0305	1.3022	0.4399	-0.898
1477010455300000	-5.63576	0.635955	-1.44427	1.87853	0.0748288	lidar	1.35952	-5.6293	0.5878	-5.5872	0.6388	0.6494	-0.7604
1477010456100000	-4.7861	-0.0914561	-1.553	2.68751	0.519834	lidar	0.614632	-4.7624	-0.091	-4.9928	0.1064	0.8181	-0.575
1477010456900000	-4.07805	-0.258467	-1.45201	3.14408	0.549638	lidar	0.0764296	-4.0863	-0.2547	-4.2848	-0.2614	0.9354	-0.3535
1477010457700000	-3.30377	-0.628586	-1.31914	2.84653	0.0874219	lidar	0.731296	-3.3064	-0.6551	-3.5075	-0.4416	0.994	-0.1098
1477010458500000	-3.05901	-0.461	-0.871341	3.24501	0.30559	lidar	1.34631	-3.0956	-0.4369	-2.7098	-0.4228	0.99	0.1409
1477010459300000	-1.61901	-0.264739	-1.72932	3.27253	0.142959	lidar	3.58753	-1.5389	-0.2612	-1.9419	-0.2062	0.9239	0.3827
1477010460100000	-1.29597	0.254434	-1.51089	3.9305	0.469043	lidar	0.921204	-1.3232	0.2634	-1.2519	0.1946	0.7997	0.6004
1477010460900000	-0.910259	0.903805	-1.40743	4.38335	0.52275	lidar	0.0741188	-0.9178	0.8982	-0.6833	0.7543	0.6253	0.7804
1477010461700000	-0.363888	1.50694	-1.27623	4.14364	0.105064	lidar	0.626523	-0.3415	1.4946	-0.2717	1.4379	0.4115	0.9114
1477010462500000	-0.303312	2.17918	-1.16235	4.63076	0.366836	lidar	0.312319	-0.3244	2.1762	-0.0431	2.2024	0.172	0.9851
1477010463300000	-0.299087	2.8055	-1.10819	4.85946	0.328259	lidar	0.0237802	-0.2962	2.8003	0.0039	2.9999	0.0471	0.9989
1477010464100000	0.131178	3.87124	-1.32053	3.88773	-0.436683	lidar	2.13451	0.1756	3.909	0.1473	3.7848	0.2941	0.9558
1477010464900000	0.553456	4.45294	-1.29893	3.9308	-0.195953	lidar	0.179856	0.541	4.4618	0.4813	4.5094	0.5225	0.8526
1477010465700000	0.953217	5.07728	-1.24133	4.12266	0.0181781	lidar	0.153389	0.9431	5.0848	0.9851	5.1282	0.7181	0.6959
1477010466500000	1.31624	5.62896	-1.18132	4.15759	0.0304099	lidar	0.0230365	1.3125	5.6247	1.6269	5.6023	0.8686	0.4954
1477010467300000	2.57427	5.72008	-1.21325	2.49519	-1.00426	lidar	3.27277	2.6337	5.6897	2.3664	5.9018	0.9646	0.2638
1477010468100000	3.03648	6.05044	-0.806478	2.82747	-0.310885	lidar	3.18566	3.0501	6.1217	3.1572	6.008	0.9999	0.0157
1477010468900000	3.96503	5.80387	-1.34021	3.0111	-0.0393482	lidar	1.76493	4.032	5.804	3.9496	5.9142	0.9724	-0.2335
1477010469700000	4.66402	5.65266	-1.32802	2.95244	-0.0560719	lidar	0.00295195	4.6622	5.652	4.6938	5.6263	0.8838	-0.468
1477010470500000	5.35039	5.21661	-1.32844	2.42439	-0.343233	lidar	0.235608	5.3488	5.2001	5.343	5.1624	0.7396	-0.673
1477010471300000	5.77555	4.65977	-1.2849	2.0661	-0.394886	lidar	0.0180066	5.7709	4.6604	5.8564	4.5516	0.549	-0.8358
1477010472100000	6.04164	3.86301	-1.34889	1.75966	-0.386753	lidar	0.0230258	6.0442	3.858	6.2018	3.8324	0.3239	-0.9461
1477010472900000	6.57226	3.05172	-1.38376	2.2277	0.0986625	lidar	0.691759	6.6004	3.0473	6.3574	3.0498	0.0784	-0.9969
1477010473700000	6.27172	2.14714	-1.23724	1.11788	-0.64562	lidar	1.86705	6.2262	2.1356	6.3136	2.2531	-0.1719	-0.9851
1477010474500000	6.10267	1.68108	-1.0466	0.86773	-0.484844	lidar	0.338997	6.1238	1.6892	6.073	1.4923	-0.4115	-0.9114
1477010475300000	5.77251	0.843056	-1.20425	1.25389	0.00138684	lidar	0.99927	5.7795	0.8022	5.6507	0.8153	-0.6253	-0.7804
1477010476100000	5.17093	0.208325	-1.2947	0.695878	-0.340422	lidar	0.369304	5.1491	0.2101	5.0734	0.2645	-0.7997	-0.6004
1477010476900000	4.40817	-0.0402487	-1.30164	0.0806941	-0.546682	lidar	0.126266	4.3997	-0.0312	4.3772	-0.1253	-0.9239	-0.3827
1477010477700000	3.63712	-0.344964	-1.31104	0.294729	-0.148441	lidar	0.466733	3.6326	-0.3684	3.606	-0.3298	-0.99	-0.1409
1477010478500000	2.82072	-0.255384	-1.32738	-0.187787	-0.37248	lidar	0.149427	2.8187	-0.2424	2.8081	-0.3361	-0.994	0.1097
1477010479300000	2.0208	-0.306804	-1.31373	-0.014435	-0.0783177	lidar	0.256141	2.0172	-0.324	2.0337	-0.1437	-0.9354	0.3535
1477010480100000	1.37605	0.454498	-1.26988	-1.13135	-0.738274	lidar	1.34857	1.3866	0.4932	1.3315	0.2352	-0.8181	0.575
1477010480900000	0.578048	0.96074	-1.28047	-0.504154	0.0411442	lidar	1.73985	0.5288	0.9468	0.7456	0.7768	-0.6494	0.7604
1477010481700000	0.271749	1.28923	-1.01556	-0.653213	-0.0726754	lidar	0.503969	0.3003	1.2828	0.3128	1.4471	-0.4399	0.898
1477010482500000	0.010771	2.24754	-1.16626	-1.75605	-0.728098	lidar	1.58528	0.03	2.2973	0.0603	2.204	-0.2028	0.9792
